valleyThres: 0.150000
d: 10.000000
t: 0.776000
valleyThres: 0.150000
d: 10.000000
t: 0.776000
